# BRON: KONINKLIJK NEDERLANDS METEOROLOGISCH INSTITUUT (KNMI)
# Opmerking: door stationsverplaatsingen en veranderingen in waarneemmethodieken zijn deze tijdreeksen van dagwaarden mogelijk inhomogeen! Dat betekent dat deze reeks van gemeten waarden niet geschikt is voor trendanalyse. Voor studies naar klimaatverandering verwijzen we naar de gehomogeniseerde reeks maandtemperaturen van De Bilt <http://www.knmi.nl/kennis-en-datacentrum/achtergrond/gehomogeniseerde-reeks-maandtemperaturen-de-bilt> of de Centraal Nederland Temperatuur <http://www.knmi.nl/kennis-en-datacentrum/achtergrond/centraal-nederland-temperatuur-cnt>.
# 
# 
# STN      LON(east)   LAT(north)     ALT(m)  NAME
# 260:         5.180       52.100       1.90  DE BILT
# 
# YYYYMMDD = Datum (YYYY=jaar MM=maand DD=dag); 
# FG       = Etmaalgemiddelde windsnelheid (in 0.1 m/s); 
# TG       = Etmaalgemiddelde temperatuur (in 0.1 graden Celsius); 
# SQ       = Zonneschijnduur (in 0.1 uur) berekend uit de globale straling (-1 voor <0.05 uur); 
# DR       = Duur van de neerslag (in 0.1 uur); 
# NG       = Etmaalgemiddelde bewolking (bedekkingsgraad van de bovenlucht in achtsten, 9=bovenlucht onzichtbaar); 
# 
# STN,YYYYMMDD,   FG,   TG,   SQ,   DR,   NG
# 
  260,20160101,   30,   41,    0,    0,    7
  260,20160102,   57,   54,    3,   70,    8
  260,20160103,   56,   69,   20,  112,    8
  260,20160104,   33,   57,    0,  115,    8
  260,20160105,   33,   68,    0,    7,    8
  260,20160106,   31,   26,    0,    4,    8
  260,20160107,   58,   61,    0,   58,    8
  260,20160108,   43,   54,   59,    0,    1
  260,20160109,   43,   56,    5,    5,    7
  260,20160110,   54,   69,   29,   22,    7
  260,20160111,   37,   48,    0,   20,    7
  260,20160112,   49,   58,   18,   72,    8
  260,20160113,   35,   50,   16,   33,    6
  260,20160114,   52,   35,    0,  101,    8
  260,20160115,   26,   24,    4,    0,    7
  260,20160116,   37,   27,   29,   12,    6
  260,20160117,   23,  -10,   60,    0,    1
  260,20160118,   21,  -33,   69,    0,    5
  260,20160119,   20,  -25,   22,    0,    6
  260,20160120,   15,   12,    8,    0,    7
  260,20160121,   24,  -12,    5,    0,    6
  260,20160122,   44,    9,   43,   50,    5
  260,20160123,   33,   66,   41,    0,    6
  260,20160124,   44,   77,    0,   47,    8
  260,20160125,   39,  107,   48,    0,    6
  260,20160126,   64,   92,   25,   31,    7
  260,20160127,   79,  109,    0,  105,    8
  260,20160128,   45,   67,   72,    9,    4
  260,20160129,   86,   85,    0,   43,    8
  260,20160130,   61,   74,    0,  120,    7
  260,20160131,   43,   68,    6,   78,    7
  260,20160201,   83,  115,    0,   21,    8
  260,20160202,   67,   89,   22,    4,    7
  260,20160203,   41,   50,   51,   27,    5
  260,20160204,   32,   51,    3,   51,    7
  260,20160205,   43,   87,    3,   25,    8
  260,20160206,   53,   94,    0,    5,    8
  260,20160207,   68,   85,   36,   44,    8
  260,20160208,   97,   85,   35,  102,    8
  260,20160209,   50,   53,    0,   63,    7
  260,20160210,   40,   48,   28,   56,    7
  260,20160211,   28,   38,   67,    1,    3
  260,20160212,   27,   27,   36,    0,    5
  260,20160213,   42,   18,   37,   24,    5
  260,20160214,   45,   14,    0,  235,    8
  260,20160215,   41,   23,   55,    1,    5
  260,20160216,   13,   -3,   86,    0,    1
  260,20160217,   23,  -13,   84,    0,    1
  260,20160218,   29,   13,    2,   51,    8
  260,20160219,   34,   39,   51,   20,    6
  260,20160220,   65,   82,    0,  123,    8
  260,20160221,   75,  104,    0,   79,    8
  260,20160222,   42,   68,    0,   58,    8
  260,20160223,   26,   43,   60,   14,    4
  260,20160224,   18,   23,   60,    6,    4
  260,20160225,   23,   18,   51,    9,    5
  260,20160226,   16,   21,   17,    0,    8
  260,20160227,   40,   22,   95,    0,    5
  260,20160228,   38,   22,   85,    0,    4
  260,20160229,   26,   13,   97,    0,    1
  260,20160301,   48,   20,    0,   75,    8
  260,20160302,   50,   53,   36,   55,    7
  260,20160303,   27,   39,   74,    7,    5
  260,20160304,   37,   10,    5,   95,    7
  260,20160305,   16,    5,   37,    3,    5
  260,20160306,   18,   30,   25,   19,    7
  260,20160307,   14,   25,   46,   15,    6
  260,20160308,   28,   36,   52,    0,    7
  260,20160309,   58,   44,   44,    0,    8
  260,20160310,   30,   41,   88,    0,    7
  260,20160311,   28,   32,   95,    0,    3
  260,20160312,   25,   31,  103,    0,    0
  260,20160313,   38,   39,  100,    0,    1
  260,20160314,   41,   41,  102,    0,    7
  260,20160315,   28,   46,   17,    0,    7
  260,20160316,   50,   44,   95,    0,    1
  260,20160317,   33,   57,  102,    0,    1
  260,20160318,   26,   52,    0,    0,    8
  260,20160319,   40,   62,    0,    0,    8
  260,20160320,   27,   68,   23,   19,    8
  260,20160321,   28,   72,    0,   11,    8
  260,20160322,   28,   76,    9,    1,    7
  260,20160323,   26,   76,   28,   12,    8
  260,20160324,   33,   79,    0,    4,    8
  260,20160325,   39,   65,   17,   87,    6
  260,20160326,   58,   95,  102,    0,    7
  260,20160327,   55,   91,   36,   51,    7
  260,20160328,   80,   97,   62,   12,    7
  260,20160329,   54,   78,   38,   58,    7
  260,20160330,   43,   81,   80,    5,    8
  260,20160331,   28,   76,   15,    0,    8
  260,20160401,   22,   72,  104,    0,    6
  260,20160402,   27,  101,   14,    0,    8
  260,20160403,   29,  152,   61,   33,    7
  260,20160404,   31,  124,   51,   28,    7
  260,20160405,   30,  106,   20,   41,    7
  260,20160406,   58,   89,   21,   26,    6
  260,20160407,   43,   73,   57,   24,    5
  260,20160408,   20,   67,   24,   25,    7
  260,20160409,   32,   92,   83,    0,    8
  260,20160410,   28,  107,  106,   25,    3
  260,20160411,   62,  132,  127,    0,    3
  260,20160412,   28,  116,   67,   21,    5
  260,20160413,   22,   90,   80,    0,    6
  260,20160414,   20,  106,   77,    0,    7
  260,20160415,   33,  103,   16,  108,    8
  260,20160416,   49,   86,   51,   20,    7
  260,20160417,   22,   62,   84,   25,    4
  260,20160418,   41,   81,   67,    0,    5
  260,20160419,   33,   97,   87,    0,    6
  260,20160420,   28,   86,  114,    0,    3
  260,20160421,   37,  101,  127,    0,    4
  260,20160422,   37,   87,   46,    0,    8
  260,20160423,   34,   62,   74,   30,    6
  260,20160424,   35,   46,   94,   11,    6
  260,20160425,   35,   49,   17,   33,    7
  260,20160426,   51,   48,   41,   49,    8
  260,20160427,   36,   60,   69,   27,    8
  260,20160428,   30,   58,   97,    9,    6
  260,20160429,   51,   74,   14,   47,    8
  260,20160430,   30,   77,   58,    0,    7
  260,20160501,   23,   79,  119,    0,    3
  260,20160502,   34,  115,  105,    1,    8
  260,20160503,   33,   97,  127,   18,    3
  260,20160504,   18,   95,  102,    0,    5
  260,20160505,   36,  128,  138,    0,    7
  260,20160506,   36,  164,  140,    0,    7
  260,20160507,   36,  195,  142,    0,    4
  260,20160508,   52,  201,  142,    0,    0
  260,20160509,   58,  202,  131,    0,    4
  260,20160510,   34,  189,    9,    0,    8
  260,20160511,   36,  204,   83,    0,    7
  260,20160512,   55,  202,  137,    0,    3
  260,20160513,   52,  154,  135,    0,    5
  260,20160514,   44,   89,   62,    0,    6
  260,20160515,   35,   86,   73,    1,    6
  260,20160516,   26,   93,   42,    5,    7
  260,20160517,   28,  123,   67,    0,    5
  260,20160518,   29,  136,   30,    3,    7
  260,20160519,   22,  134,   10,    4,    8
  260,20160520,   37,  137,   10,   10,    8
  260,20160521,   39,  179,   44,    0,    8
  260,20160522,   24,  155,    2,  102,    8
  260,20160523,   42,  120,    1,  158,    8
  260,20160524,   37,  114,   15,    0,    8
  260,20160525,   17,  118,    2,    4,    8
  260,20160526,   19,  137,   68,    0,    6
  260,20160527,   33,  160,   71,    0,    6
  260,20160528,   24,  176,   73,    0,    5
  260,20160529,   36,  172,   18,    6,    7
  260,20160530,   48,  162,    0,   32,    8
  260,20160531,   29,  182,   67,    0,    6
  260,20160601,   39,  192,   57,    4,    7
  260,20160602,   48,  153,    0,    0,    8
  260,20160603,   22,  164,   35,    0,    8
  260,20160604,   23,  201,   81,    1,    6
  260,20160605,   35,  200,  150,    0,    1
  260,20160606,   29,  189,  146,    0,    4
  260,20160607,   30,  201,   81,    0,    7
  260,20160608,   29,  161,   64,    0,    8
  260,20160609,   30,  153,  150,    0,    5
  260,20160610,   21,  164,   81,    0,    8
  260,20160611,   16,  162,   28,   44,    8
  260,20160612,   13,  166,    8,   26,    8
  260,20160613,   28,  159,   14,   15,    8
  260,20160614,   28,  152,   21,   49,    8
  260,20160615,   20,  146,   39,   19,    8
  260,20160616,   20,  157,   77,   38,    6
  260,20160617,   18,  151,   23,   52,    8
  260,20160618,   30,  141,   47,   11,    8
  260,20160619,   28,  153,   63,    0,    7
  260,20160620,   45,  155,    2,   90,    8
  260,20160621,   23,  170,   18,   19,    8
  260,20160622,   24,  201,   97,    0,    6
  260,20160623,   24,  220,   40,   55,    7
  260,20160624,   25,  192,   49,    3,    6
  260,20160625,   17,  154,   32,   25,    6
  260,20160626,   29,  149,   56,   24,    6
  260,20160627,   31,  149,   38,   20,    8
  260,20160628,   26,  167,   47,   13,    7
  260,20160629,   43,  160,   39,   30,    8
  260,20160630,   38,  164,   13,   32,    8
  260,20160701,   50,  169,    3,   17,    8
  260,20160702,   47,  154,   96,    9,    5
  260,20160703,   27,  147,   79,   39,    6
  260,20160704,   17,  170,  132,    0,    4
  260,20160705,   41,  154,   36,   12,    6
  260,20160706,   25,  149,  122,   15,    6
  260,20160707,   25,  168,   73,    0,    8
  260,20160708,   34,  175,   21,   25,    7
  260,20160709,   33,  197,   51,    0,    7
  260,20160710,   35,  213,   76,    0,    8
  260,20160711,   60,  186,   62,    0,    6
  260,20160712,   29,  166,   49,   38,    7
  260,20160713,   23,  145,   39,   18,    6
  260,20160714,   29,  145,   78,    0,    5
  260,20160715,   28,  166,  105,    0,    6
  260,20160716,   32,  197,   16,    0,    8
  260,20160717,   26,  198,   77,    0,    6
  260,20160718,   20,  202,  134,    0,    2
  260,20160719,   22,  228,  149,    0,    0
  260,20160720,   34,  254,  110,    0,    3
  260,20160721,   24,  218,  113,    0,    5
  260,20160722,   15,  211,   46,   36,    7
  260,20160723,   25,  211,   69,    0,    6
  260,20160724,   18,  207,   49,    0,    7
  260,20160725,   25,  182,   38,    3,    8
  260,20160726,   14,  184,   66,    0,    7
  260,20160727,   32,  179,   31,   63,    8
  260,20160728,   27,  190,   49,    6,    7
  260,20160729,   38,  183,   19,    9,    8
  260,20160730,   21,  177,   12,   29,    8
  260,20160731,   24,  170,   59,    6,    6
  260,20160801,   24,  165,   84,   11,    7
  260,20160802,   30,  166,    1,  121,    8
  260,20160803,   53,  190,   26,   62,    7
  260,20160804,   43,  173,   50,    0,    7
  260,20160805,   28,  176,  106,    0,    6
  260,20160806,   25,  164,   75,   20,    4
  260,20160807,   42,  184,   34,    0,    6
  260,20160808,   39,  172,   68,    6,    7
  260,20160809,   25,  144,   73,   29,    7
  260,20160810,   23,  128,  107,   15,    5
  260,20160811,   35,  136,    0,  123,    8
  260,20160812,   34,  189,   40,   23,    5
  260,20160813,   31,  176,   28,    0,    7
  260,20160814,   18,  170,   41,    0,    6
  260,20160815,   25,  161,  123,    0,    4
  260,20160816,   33,  163,  131,    0,    4
  260,20160817,   35,  172,  133,    0,    0
  260,20160818,   29,  177,  132,    0,    1
  260,20160819,   24,  181,   49,   17,    5
  260,20160820,   41,  178,   76,    6,    5
  260,20160821,   43,  167,   44,   56,    7
  260,20160822,   36,  180,   41,   57,    6
  260,20160823,   20,  210,  130,    0,    3
  260,20160824,   27,  228,  130,    0,    1
  260,20160825,   23,  243,  130,    0,    3
  260,20160826,   25,  221,  114,    0,    5
  260,20160827,   35,  216,   97,    4,    6
  260,20160828,   37,  205,   76,    3,    6
  260,20160829,   22,  172,   57,    3,    6
  260,20160830,   11,  162,  124,    0,    3
  260,20160831,   19,  174,  112,    0,    4
  260,20160901,   18,  172,   62,    0,    7
  260,20160902,   31,  166,   42,   14,    8
  260,20160903,   29,  185,   49,    9,    8
  260,20160904,   47,  179,   33,    9,    7
  260,20160905,   21,  173,   80,    0,    6
  260,20160906,   17,  177,   58,    0,    5
  260,20160907,   17,  183,  122,    0,    1
  260,20160908,   27,  196,  122,    0,    1
  260,20160909,   20,  169,  112,    0,    1
  260,20160910,   26,  184,  105,    0,    5
  260,20160911,   18,  185,   25,   19,    8
  260,20160912,   18,  209,  115,    0,    1
  260,20160913,   27,  235,  116,    0,    0
  260,20160914,   23,  230,  115,    0,    0
  260,20160915,   31,  226,   92,   10,    4
  260,20160916,   30,  174,   32,    6,    8
  260,20160917,   20,  173,   16,    0,    7
  260,20160918,   29,  167,   59,    0,    6
  260,20160919,   13,  144,   15,    0,    7
  260,20160920,   11,  145,   53,    0,    6
  260,20160921,   21,  147,   86,    0,    8
  260,20160922,   18,  138,   53,    0,    6
  260,20160923,   21,  136,   97,    0,    4
  260,20160924,   28,  152,   99,    0,    6
  260,20160925,   35,  163,   75,   13,    3
  260,20160926,   11,  135,   42,    0,    6
  260,20160927,   25,  145,   98,    0,    4
  260,20160928,   48,  187,   78,    0,    7
  260,20160929,   51,  159,    3,   17,    8
  260,20160930,   33,  145,   54,    0,    7
  260,20161001,   29,  135,   35,    5,    6
  260,20161002,   37,  121,   31,   32,    6
  260,20161003,   28,  145,   95,    0,    3
  260,20161004,   41,  130,   56,    0,    4
  260,20161005,   48,   98,  102,    0,    0
  260,20161006,   36,   94,   54,    0,    5
  260,20161007,   29,  118,   30,    0,    7
  260,20161008,   24,  110,   38,    0,    8
  260,20161009,   11,   79,   69,    5,    5
  260,20161010,   18,   79,   64,    0,    7
  260,20161011,   18,   80,    9,    0,    6
  260,20161012,   41,   89,   16,    0,    8
  260,20161013,   56,   91,   19,    0,    8
  260,20161014,   45,   99,   43,   34,    8
  260,20161015,   28,  107,   14,   59,    7
  260,20161016,   33,  133,   97,    0,    5
  260,20161017,   22,  121,   43,    4,    5
  260,20161018,   36,  102,   29,   37,    6
  260,20161019,   35,   88,   57,   43,    7
  260,20161020,   25,   85,    0,   28,    5
  260,20161021,   15,   76,   46,    4,    7
  260,20161022,   15,   67,   21,    0,    6
  260,20161023,   14,   48,   90,    0,    4
  260,20161024,   23,   71,    8,    0,    8
  260,20161025,   14,   87,    0,    0,    8
  260,20161026,   21,   95,   43,    0,    7
  260,20161027,   35,  118,   11,    0,    8
  260,20161028,   30,  131,    0,    0,    8
  260,20161029,    7,   96,   72,    0,    3
  260,20161030,    8,   87,   50,    0,    7
  260,20161031,   12,   85,   81,    0,    5
  260,20161101,   17,   81,    6,    6,    7
  260,20161102,   23,   72,   57,   22,    6
  260,20161103,   23,   67,   45,    6,    8
  260,20161104,   38,   76,   12,   33,    8
  260,20161105,   27,   69,   30,   35,    6
  260,20161106,   29,   61,   30,   37,    6
  260,20161107,   26,   42,    3,   19,    8
  260,20161108,   18,   19,   27,   14,    6
  260,20161109,   28,   30,    0,   88,    8
  260,20161110,   23,   40,    2,   97,    8
  260,20161111,   28,   18,   70,    9,    4
  260,20161112,   32,   20,   43,   17,    8
  260,20161113,   23,   27,    0,   48,    6
  260,20161114,   32,   31,    0,   68,    7
  260,20161115,   32,  108,    0,  118,    8
  260,20161116,   40,  119,   31,   67,    8
  260,20161117,   53,   93,   13,   79,    8
  260,20161118,   55,   60,   14,   13,    7
  260,20161119,   48,   58,   35,    0,    7
  260,20161120,   73,   84,    0,   41,    8
  260,20161121,   45,  120,    1,   54,    8
  260,20161122,   45,  110,   41,    0,    8
  260,20161123,   27,   79,    5,    0,    8
  260,20161124,   58,   66,   40,    0,    8
  260,20161125,   40,   33,   73,    0,    6
  260,20161126,   10,   -1,   52,    0,    7
  260,20161127,   20,   56,   21,    0,    6
  260,20161128,   28,   -3,   71,    0,    0
  260,20161129,   11,  -31,   71,    0,    0
  260,20161130,   25,   20,   35,    0,    8
  260,20161201,   31,   79,   12,    0,    8
  260,20161202,   20,   52,    5,   21,    5
  260,20161203,    8,   -1,   37,    0,    4
  260,20161204,   24,  -14,   70,    0,    0
  260,20161205,   14,  -27,   67,    0,    2
  260,20161206,   19,    1,   68,    0,    6
  260,20161207,   38,   63,    6,    0,    8
  260,20161208,   45,   82,   20,    5,    8
  260,20161209,   40,   91,    0,    0,    8
  260,20161210,   43,   78,    0,   72,    8
  260,20161211,   38,   85,   15,   28,    7
  260,20161212,   20,   53,    0,    0,    7
  260,20161213,   28,   66,    0,    3,    8
  260,20161214,   23,   73,   17,    0,    8
  260,20161215,   40,   65,    0,    0,    8
  260,20161216,   30,   54,   25,    0,    7
  260,20161217,   18,   61,    0,    0,    8
  260,20161218,   20,   62,   13,    0,    8
  260,20161219,   23,   43,   45,    0,    5
  260,20161220,   22,   -6,   53,    0,    3
  260,20161221,   46,   41,    3,   40,    7
  260,20161222,   34,   59,    0,   35,    7
  260,20161223,   54,   60,   13,   20,    8
  260,20161224,   50,   79,   10,   17,    8
  260,20161225,   61,  104,    0,    9,    8
  260,20161226,   55,   83,   46,    7,    4
  260,20161227,   28,   66,   55,   18,    5
  260,20161228,   15,   10,    0,    0,    6
  260,20161229,   18,  -22,    0,    0,    8
  260,20161230,   22,  -11,    6,    0,    8
  260,20161231,   34,   18,    0,    5,    8
